Starting 4 worker threads...
Workers: 4 (maintenance threads: 1) | write_pct=5 | ttl_ns=1000000000 | batch=256 | keyspace=1048576 hot=65536 (90%)
Time | Ops/s | Hit% | Miss% | Exp% | Writes/s | Latency(ns) | Epoch | RSS(KB) | Evict/s | Clean/s | Retire/s
------------------------------------------------------------------------------------------------------------------
 1s | 32146917 |  85.01 |  14.99 |   0.00 |  1488357 |       37306 |     0 |  672664 |       0 |       0 |   1286962
 2s | 24664325 |  91.33 |   8.48 |   0.19 |  1173765 |       43899 |     1 |  672728 |    2980 |     121 |   1125254
 3s | 25062911 |  92.19 |   7.77 |   0.04 |  1162751 |       44189 |     2 |  672808 |     669 |      10 |   1090640
 4s | 26141577 |  92.18 |   7.51 |   0.31 |  1094537 |       41358 |     2 |  678792 |    4098 |       0 |   1098547
 5s | 23910317 |  91.93 |   7.69 |   0.38 |  1136557 |       44315 |     3 |  682484 |    5428 |     194 |   1144048
 6s | 24238796 |  91.75 |   7.86 |   0.39 |  1002188 |       42281 |     4 |  686600 |    5579 |     231 |   1021252
 7s | 26316337 |  92.44 |   7.56 |   0.00 |   966193 |       41034 |     4 |  689056 |       4 |       0 |    899235
 8s | 23595769 |  92.58 |   7.18 |   0.24 |  1121017 |       44836 |     5 |  689056 |    3358 |      90 |   1103834
 9s | 22753773 |  92.49 |   7.17 |   0.34 |  1020397 |       47422 |     6 |  689056 |    4665 |     168 |   1030002
10s | 24194533 |  92.20 |   7.41 |   0.39 |  1002981 |       42781 |     6 |  689056 |    5792 |       0 |   1026558
11s | 24876603 |  92.48 |   7.40 |   0.12 |  1152571 |       44258 |     7 |  689056 |    2160 |     284 |   1105632
12s | 23651652 |  92.94 |   6.90 |   0.16 |   947524 |       44733 |     8 |  689056 |    2361 |     112 |    928088
13s | 25063532 |  92.62 |   7.07 |   0.30 |   790636 |       41949 |     8 |  689056 |    3272 |       0 |    816109
14s | 20284970 |  92.16 |   7.46 |   0.37 |   964138 |       57991 |     9 |  689056 |    5426 |     214 |    973560
15s | 21987421 |  92.51 |   7.28 |   0.21 |  1044573 |       48644 |    10 |  689056 |    3720 |       0 |   1021156
16s | 23631564 |  93.25 |   6.70 |   0.06 |  1083084 |       45947 |    10 |  689056 |     861 |       0 |   1033724
17s | 23671995 |  93.04 |   6.62 |   0.33 |  1037499 |       44183 |    11 |  689056 |    4600 |     109 |   1054688
18s | 22222491 |  92.56 |   7.07 |   0.38 |   861851 |       48323 |    12 |  689056 |    4979 |     222 |    889512
19s | 25499153 |  92.38 |   7.31 |   0.30 |   783889 |       40277 |    12 |  689056 |    3868 |       0 |    808655
20s | 21512819 |  92.98 |   7.01 |   0.01 |  1020531 |       48325 |    13 |  689056 |     113 |       0 |    958814
21s | 20761870 |  92.99 |   6.74 |   0.27 |   892174 |       52032 |    14 |  689236 |    3428 |     187 |    895101
22s | 21893233 |  92.68 |   6.97 |   0.35 |   843889 |       48070 |    14 |  689616 |    4409 |       0 |    866955
23s | 20297662 |  92.30 |   7.30 |   0.40 |   964542 |       60205 |    15 |  689616 |    6525 |     248 |    980854
24s | 21511165 |  92.81 |   7.11 |   0.08 |   924669 |       51383 |    16 |  689616 |    1319 |       0 |    883570
25s | 21900104 |  93.15 |   6.71 |   0.15 |   731976 |       49226 |    16 |  690788 |    1400 |       0 |    720957
26s | 22119264 |  92.69 |   7.00 |   0.31 |  1049440 |       53165 |    17 |  690788 |    4811 |     162 |   1053480
27s | 21009357 |  92.80 |   6.84 |   0.35 |   930765 |       49192 |    18 |  690788 |    5514 |     232 |    947307
28s | 23774272 |  92.79 |   7.00 |   0.21 |  1000512 |       45195 |    18 |  690788 |    4090 |       0 |    986022
29s | 22562642 |  93.43 |   6.49 |   0.08 |  1054546 |       48476 |    19 |  690788 |    1153 |       0 |   1014527
30s | 22341017 |  93.16 |   6.52 |   0.31 |   914841 |       47983 |    20 |  690788 |    4220 |     186 |    932117
31s | 22892642 |  92.81 |   6.85 |   0.34 |   761954 |       46657 |    20 |  690788 |    4328 |       0 |    791850
32s | 21892116 |  92.54 |   7.16 |   0.30 |  1039380 |       50055 |    21 |  690788 |    5545 |     288 |   1036791
33s | 21990923 |  93.36 |   6.62 |   0.03 |   966155 |       47593 |    22 |  690788 |     407 |       0 |    917991
34s | 22107147 |  93.29 |   6.43 |   0.28 |   951307 |       48928 |    23 |  690788 |    3717 |     196 |    959680
35s | 25253801 |  93.02 |   6.65 |   0.33 |   956329 |       42948 |    23 |  690788 |    4782 |       0 |    982660
36s | 23302832 |  92.59 |   7.01 |   0.40 |  1106608 |       45412 |    24 |  690788 |    7754 |     265 |   1128978
37s | 25935679 |  93.09 |   6.90 |   0.01 |   827199 |       42608 |    25 |  690788 |     333 |       0 |    781332
38s | 24668742 |  93.49 |   6.37 |   0.14 |   981574 |       41712 |    25 |  690788 |    1817 |       0 |    963308
39s | 24181814 |  93.14 |   6.52 |   0.33 |  1145910 |       44104 |    26 |  690788 |    5779 |     158 |   1159701
40s | 24987471 |  92.85 |   6.80 |   0.35 |   931663 |       42053 |    27 |  690788 |    6092 |     229 |    961140
41s | 26532381 |  92.97 |   6.91 |   0.12 |   842269 |       40208 |    28 |  690788 |    3151 |       0 |    822587
42s | 26499111 |  93.60 |   6.34 |   0.06 |   911399 |       39503 |    28 |  690788 |     322 |       0 |    878224
43s | 21885278 |  93.23 |   6.46 |   0.31 |  1036638 |       46165 |    29 |  690788 |    4689 |     147 |   1046125
44s | 25610544 |  93.06 |   6.64 |   0.30 |   891184 |       41885 |    30 |  690788 |    4774 |     235 |    914345
45s | 26378422 |  92.92 |   6.87 |   0.21 |   802998 |       39634 |    30 |  690788 |    4780 |       0 |    810681
46s | 24381763 |  93.55 |   6.44 |   0.01 |  1124675 |       42357 |    31 |  690788 |     133 |       0 |   1066448
47s | 25448218 |  93.41 |   6.34 |   0.25 |   851738 |       40499 |    32 |  690788 |    3509 |     165 |    869274
48s | 26261777 |  93.00 |   6.73 |   0.26 |   637201 |       39958 |    32 |  690788 |    3207 |       0 |    668737
49s | 26691422 |  92.69 |   7.04 |   0.27 |  1103710 |       39021 |    33 |  690788 |    6518 |     232 |   1107905
50s | 23911335 |  93.55 |   6.45 |   0.00 |  1092519 |       45879 |    34 |  690788 |      20 |       0 |   1033964
51s | 24602544 |  93.60 |   6.17 |   0.23 |   935856 |       42656 |    35 |  690788 |    3164 |     154 |    943632
52s | 25635424 |  93.28 |   6.43 |   0.29 |   920160 |       40843 |    35 |  690788 |    4269 |       0 |    942311
53s | 26420204 |  92.96 |   6.71 |   0.33 |   971756 |       39620 |    36 |  690788 |    6013 |     210 |   1000115
54s | 24050037 |  93.18 |   6.75 |   0.08 |  1022325 |       42316 |    37 |  690788 |    1148 |       0 |    980306
55s | 23263734 |  93.62 |   6.21 |   0.16 |   973302 |       45113 |    38 |  690788 |    2373 |     131 |    959778
56s | 25730038 |  93.26 |   6.44 |   0.30 |   875510 |       41244 |    38 |  690788 |    4047 |       0 |    902857
57s | 24123956 |  92.87 |   6.80 |   0.34 |  1124916 |       44452 |    39 |  690788 |    6870 |     227 |   1137252
58s | 24320389 |  93.05 |   6.79 |   0.16 |   969093 |       42818 |    40 |  690788 |    2866 |     388 |    950764
59s | 25632589 |  93.56 |   6.35 |   0.08 |   831309 |       41047 |    41 |  690788 |    1451 |     102 |    808664
60s | 24840546 |  93.37 |   6.38 |   0.25 |   964962 |       40949 |    41 |  690788 |    3794 |       0 |    974635
