Starting 4 worker threads...
Workers: 4 (maintenance threads: 1) | write_pct=5 | ttl_ns=1000000000 | batch=256 | keyspace=1048576 hot=65536 (90%)
Time | Ops/s | Hit% | Miss% | Exp% | Writes/s | Latency(ns) | Epoch | RSS(KB) | Evict/s | Clean/s | Retire/s
------------------------------------------------------------------------------------------------------------------
 1s | 23770383 |  82.83 |  17.17 |   0.00 |  1131791 |       45398 |     0 |  652456 |       0 |       0 |    961737
 2s | 21159717 |  90.91 |   8.82 |   0.27 |  1007397 |       50053 |     1 |  652520 |    3534 |      76 |    978565
 3s | 21125303 |  90.96 |   8.72 |   0.32 |  1005751 |       51749 |     2 |  659092 |    3897 |     169 |    987308
 4s | 20500984 |  91.82 |   8.17 |   0.01 |   975352 |       52491 |     3 |  663276 |      95 |      26 |    902373
 5s | 21103097 |  91.94 |   7.78 |   0.28 |   983545 |       50770 |     3 |  666776 |    3270 |       0 |    971692
 6s | 19709690 |  91.74 |   7.87 |   0.39 |   937722 |       54245 |     4 |  666776 |    4385 |     143 |    944497
 7s | 19953894 |  91.61 |   7.97 |   0.42 |   932070 |       54315 |     5 |  668892 |    5258 |     206 |    944884
 8s | 20843523 |  92.12 |   7.80 |   0.08 |   986115 |       50006 |     6 |  669332 |    1076 |       0 |    931579
 9s | 23792430 |  92.63 |   7.21 |   0.16 |  1116974 |       45070 |     6 |  671836 |    2230 |       0 |   1083229
10s | 20302285 |  92.35 |   7.25 |   0.40 |   965069 |       51632 |     7 |  671836 |    4947 |     127 |    980389
11s | 19688037 |  92.05 |   7.52 |   0.43 |   924261 |       53533 |     8 |  671836 |    5740 |     178 |    943456
12s | 19694035 |  92.10 |   7.66 |   0.24 |   872915 |       54747 |     9 |  671836 |    2837 |       0 |    857326
13s | 20099048 |  92.80 |   7.12 |   0.08 |   954344 |       54284 |     9 |  671836 |     922 |       0 |    909174
14s | 20187621 |  92.59 |   7.06 |   0.35 |   952805 |       55280 |    10 |  671836 |    4283 |     135 |    961340
15s | 19495778 |  92.33 |   7.26 |   0.40 |   904034 |       55881 |    11 |  671836 |    5112 |     206 |    921798
16s | 19682090 |  92.23 |   7.43 |   0.33 |   922410 |       55908 |    12 |  671836 |    4772 |     290 |    924134
17s | 19619267 |  92.94 |   7.04 |   0.02 |   863683 |       55505 |    13 |  671836 |     324 |      40 |    815415
18s | 20191164 |  92.84 |   6.88 |   0.28 |   931772 |       52236 |    13 |  671836 |    3397 |       0 |    932038
19s | 20099743 |  92.64 |   6.99 |   0.37 |   950943 |       55296 |    14 |  671836 |    5058 |     161 |    964761
20s | 19868413 |  92.24 |   7.31 |   0.44 |   830205 |       55069 |    15 |  671836 |    6109 |     262 |    862334
21s | 19700570 |  92.83 |   7.14 |   0.02 |   846682 |       53608 |    16 |  673056 |     316 |       0 |    797170
22s | 20222544 |  93.00 |   6.80 |   0.20 |   860752 |       52838 |    16 |  674072 |    2170 |       0 |    848591
23s | 22377839 |  92.80 |   6.88 |   0.32 |  1062255 |       47264 |    17 |  674072 |    4913 |     146 |   1068279
24s | 22628260 |  92.69 |   6.93 |   0.37 |  1046436 |       48012 |    18 |  674072 |    6583 |     225 |   1064867
25s | 22801749 |  92.77 |   7.07 |   0.17 |   965973 |       47784 |    19 |  674268 |    3108 |       0 |    942608
26s | 23917051 |  93.37 |   6.53 |   0.10 |  1020411 |       44539 |    19 |  676932 |    1202 |       0 |    987027
27s | 19685299 |  93.03 |   6.61 |   0.36 |   933811 |       57385 |    20 |  676932 |    4774 |     147 |    949805
28s | 19366365 |  92.62 |   6.99 |   0.39 |   807389 |       54569 |    21 |  676932 |    4977 |     248 |    832110
29s | 19929791 |  92.58 |   7.13 |   0.29 |   907967 |       54336 |    22 |  676932 |    4383 |       0 |    905814
30s | 20034081 |  93.32 |   6.64 |   0.04 |   930337 |       54465 |    22 |  676932 |     489 |       0 |    884928
31s | 19469892 |  93.12 |   6.56 |   0.32 |   923204 |       57890 |    23 |  676932 |    3992 |      92 |    931287
32s | 19719338 |  92.83 |   6.80 |   0.37 |   881834 |       54685 |    24 |  676932 |    4957 |     189 |    901786
33s | 20852182 |  92.58 |   7.05 |   0.38 |   888278 |       53554 |    25 |  676932 |    5856 |     313 |    910175
34s | 19929692 |  93.25 |   6.75 |   0.00 |   936540 |       53929 |    26 |  676932 |      30 |      15 |    882423
35s | 20299557 |  93.29 |   6.46 |   0.25 |   892709 |       53424 |    26 |  676932 |    2987 |       0 |    894054
36s | 22363833 |  92.99 |   6.67 |   0.34 |  1060537 |       49191 |    27 |  676932 |    5567 |     180 |   1072915
37s | 22377764 |  92.80 |   6.82 |   0.38 |   984356 |       47860 |    28 |  676932 |    6779 |     210 |   1008487
38s | 22489797 |  92.97 |   6.92 |   0.11 |   883397 |       46750 |    29 |  678400 |    2272 |       0 |    854111
39s | 19898473 |  93.45 |   6.43 |   0.13 |   897129 |       54505 |    29 |  678400 |    1502 |       0 |    873191
40s | 19315473 |  93.09 |   6.56 |   0.35 |   903953 |       55825 |    30 |  678400 |    4407 |     153 |    918761
41s | 19446177 |  92.81 |   6.80 |   0.38 |   862625 |       54901 |    31 |  678400 |    5550 |     224 |    884487
42s | 19426725 |  92.78 |   6.98 |   0.24 |   802213 |       54413 |    32 |  678400 |    3104 |       0 |    798821
43s | 22457562 |  93.46 |   6.48 |   0.06 |   986330 |       49319 |    32 |  678744 |     779 |       0 |    944113
44s | 19885247 |  93.21 |   6.45 |   0.34 |   937151 |       54989 |    33 |  678744 |    4499 |      94 |    951371
45s | 19454616 |  92.88 |   6.73 |   0.38 |   871064 |       55350 |    34 |  678744 |    5433 |     205 |    892662
46s | 21010916 |  92.70 |   6.97 |   0.34 |   940516 |       50298 |    35 |  678744 |    5620 |     309 |    950942
47s | 22582413 |  93.44 |   6.54 |   0.02 |  1000589 |       47772 |    36 |  678744 |     230 |      39 |    947879
48s | 24616625 |  93.33 |   6.39 |   0.27 |   843441 |       42433 |    36 |  678744 |    3231 |       0 |    864764
49s | 21809040 |  92.85 |   6.81 |   0.34 |  1034128 |       47219 |    37 |  678744 |    5591 |     181 |   1045049
50s | 22700836 |  92.81 |   6.84 |   0.35 |   967460 |       47272 |    38 |  678744 |    6819 |     309 |    988060
51s | 23387685 |  93.23 |   6.72 |   0.05 |   949797 |       45698 |    38 |  678744 |    1017 |       0 |    905275
52s | 20440736 |  93.46 |   6.34 |   0.20 |   951968 |       52475 |    39 |  678744 |    2700 |       0 |    941061
53s | 18899454 |  93.05 |   6.58 |   0.37 |   844286 |       55673 |    40 |  678744 |    4768 |     195 |    864449
54s | 19499474 |  92.79 |   6.83 |   0.37 |   809426 |       54284 |    41 |  678744 |    5412 |     271 |    832392
55s | 20115806 |  92.88 |   6.93 |   0.19 |   909662 |       53085 |    41 |  678744 |    3289 |       0 |    891141
56s | 19485003 |  93.47 |   6.42 |   0.11 |   921931 |       56821 |    42 |  678744 |    1450 |       0 |    892979
57s | 19084866 |  93.18 |   6.49 |   0.33 |   849474 |       56483 |    43 |  678744 |    4083 |     143 |    864078
58s | 19925349 |  92.90 |   6.74 |   0.36 |   842085 |       51885 |    44 |  678744 |    5144 |     225 |    863444
59s | 20064986 |  92.71 |   6.98 |   0.31 |   793306 |       53386 |    44 |  678744 |    5161 |       0 |    804802
60s | 19455041 |  93.40 |   6.58 |   0.02 |   920641 |       56160 |    45 |  678744 |     285 |       0 |    872627
