Starting 4 worker threads...
Workers: 4 (maintenance threads: 1) | write_pct=5 | ttl_ns=1000000000 | batch=512 | keyspace=1048576 hot=65536 (90%)
Time | Ops/s | Hit% | Miss% | Exp% | Writes/s | Latency(ns) | Epoch | RSS(KB) | Evict/s | Clean/s | Retire/s
------------------------------------------------------------------------------------------------------------------
 1s | 19555647 |  81.08 |  18.92 |   0.00 |   931135 |      192595 |     0 |  641024 |       0 |       0 |    777891
 2s | 17727759 |  90.69 |   9.06 |   0.25 |   844047 |      124805 |     1 |  641236 |    2671 |      68 |    813659
 3s | 18308360 |  90.67 |   8.95 |   0.38 |   871688 |      129791 |     2 |  650416 |    3938 |     163 |    863762
 4s | 17280499 |  90.70 |   8.90 |   0.39 |   822771 |      124466 |     2 |  657064 |    3916 |       0 |    818528
 5s | 17379200 |  91.15 |   8.72 |   0.14 |   827264 |      123762 |     3 |  659112 |    1407 |     238 |    782306
 6s | 15228475 |  91.64 |   8.22 |   0.14 |   724539 |      142593 |     4 |  660264 |    1127 |      41 |    690241
 7s | 15963976 |  91.47 |   8.19 |   0.34 |   759624 |      146820 |     4 |  662328 |    3178 |       0 |    755110
 8s | 16966165 |  91.22 |   8.34 |   0.44 |   807445 |      124852 |     5 |  662328 |    4486 |     182 |    818382
 9s | 15430772 |  91.41 |   8.31 |   0.28 |   734324 |      141378 |     6 |  662328 |    2725 |     277 |    720680
10s | 14871035 |  92.14 |   7.80 |   0.05 |   707067 |      139864 |     7 |  662328 |     429 |       4 |    664052
11s | 14987210 |  91.87 |   7.81 |   0.31 |   712650 |      137395 |     8 |  662328 |    2731 |     145 |    708102
12s | 17258045 |  91.77 |   7.84 |   0.39 |   820797 |      122392 |     8 |  662328 |    4105 |       0 |    828627
13s | 16436954 |  91.58 |   7.97 |   0.46 |   782042 |      125122 |     9 |  662328 |    4941 |     208 |    798303
14s | 17038025 |  92.45 |   7.54 |   0.00 |   809673 |      122357 |    10 |  662328 |      31 |       0 |    754934
15s | 17235644 |  92.51 |   7.26 |   0.24 |   818876 |      119929 |    11 |  662328 |    2518 |     139 |    806056
16s | 17266248 |  92.20 |   7.40 |   0.40 |   820808 |      125148 |    11 |  662328 |    4233 |       0 |    834232
17s | 16311925 |  91.94 |   7.60 |   0.46 |   775797 |      129512 |    12 |  662328 |    5182 |     236 |    796931
18s | 15369493 |  92.33 |   7.54 |   0.13 |   730389 |      144614 |    12 |  665596 |    1335 |       0 |    699977
19s | 15648458 |  92.57 |   7.27 |   0.16 |   743114 |      134899 |    13 |  665596 |    1423 |       0 |    720010
20s | 15326308 |  92.35 |   7.30 |   0.35 |   728164 |      138810 |    14 |  665596 |    3433 |     172 |    734494
21s | 15313837 |  92.18 |   7.40 |   0.42 |   727981 |      139986 |    15 |  665596 |    4356 |     262 |    742680
22s | 16818728 |  92.19 |   7.53 |   0.28 |   799272 |      126510 |    15 |  665844 |    3208 |       0 |    790908
23s | 16353177 |  92.89 |   7.03 |   0.08 |   776089 |      132105 |    16 |  665844 |     769 |       0 |    740790
24s | 15094300 |  92.63 |   7.04 |   0.33 |   713244 |      131678 |    17 |  666188 |    2961 |     174 |    717820
25s | 17553764 |  92.37 |   7.23 |   0.40 |   833892 |      130781 |    17 |  666868 |    4681 |       0 |    849446
26s | 15550260 |  92.17 |   7.42 |   0.41 |   739124 |      133915 |    18 |  666868 |    4540 |     269 |    751587
27s | 15260817 |  92.96 |   7.02 |   0.02 |   724113 |      138993 |    19 |  666868 |     159 |       0 |    681742
28s | 15299472 |  92.73 |   7.00 |   0.27 |   725904 |      135605 |    20 |  666868 |    2532 |     157 |    721890
29s | 16323586 |  92.47 |   7.14 |   0.39 |   775170 |      133711 |    20 |  666868 |    4257 |       0 |    789083
30s | 15180334 |  92.17 |   7.34 |   0.50 |   721454 |      142490 |    21 |  666868 |    5402 |     260 |    748130
31s | 15424360 |  92.78 |   7.16 |   0.06 |   732008 |      149404 |    22 |  666868 |     629 |       0 |    694261
32s | 17191061 |  93.00 |   6.83 |   0.17 |   815253 |      125436 |    22 |  666868 |    1855 |       0 |    795672
33s | 16443475 |  92.72 |   6.91 |   0.37 |   780371 |      136902 |    23 |  666868 |    3871 |     148 |    793501
34s | 15678667 |  92.42 |   7.14 |   0.44 |   744651 |      140991 |    24 |  666868 |    4883 |     265 |    765818
35s | 16194433 |  92.52 |   7.26 |   0.23 |   768897 |      136523 |    24 |  667120 |    2709 |       0 |    755113
36s | 16416811 |  93.08 |   6.81 |   0.11 |   778283 |      132663 |    25 |  667120 |    1112 |       0 |    750621
37s | 15097172 |  92.81 |   6.86 |   0.33 |   716116 |      139611 |    26 |  667120 |    3249 |     194 |    722383
38s | 15390126 |  92.50 |   7.08 |   0.42 |   730542 |      142140 |    26 |  667120 |    4487 |       0 |    747870
39s | 16835254 |  92.31 |   7.33 |   0.36 |   799414 |      124231 |    27 |  667120 |    4612 |     282 |    806620
40s | 16063813 |  93.15 |   6.81 |   0.04 |   761157 |      135464 |    28 |  667120 |     433 |       0 |    722452
41s | 15806245 |  92.90 |   6.79 |   0.30 |   749349 |      130860 |    29 |  667120 |    3005 |     140 |    752706
42s | 15093145 |  92.59 |   7.00 |   0.41 |   716185 |      140653 |    29 |  667120 |    4182 |       0 |    731828
43s | 13451292 |  91.91 |   7.54 |   0.55 |   639004 |      160937 |    30 |  667120 |    5313 |     268 |    668558
44s | 13647515 |  92.95 |   7.05 |   0.00 |   646811 |      154003 |    31 |  667120 |       6 |       0 |    607130
45s | 13926913 |  92.74 |   7.06 |   0.21 |   659969 |      150640 |    32 |  667120 |    1858 |     140 |    649042
46s | 14267198 |  92.46 |   7.16 |   0.37 |   676670 |      147565 |    32 |  667120 |    3645 |       0 |    687079
47s | 14074501 |  92.03 |   7.46 |   0.50 |   668293 |      146906 |    33 |  667120 |    5077 |     234 |    693833
48s | 14650023 |  92.65 |   7.19 |   0.16 |   694951 |      142608 |    34 |  667120 |    1845 |       0 |    674257
49s | 17486605 |  93.20 |   6.69 |   0.11 |   828173 |      122969 |    35 |  667120 |    1199 |      89 |    798689
50s | 15862129 |  92.93 |   6.72 |   0.35 |   751985 |      135724 |    35 |  667120 |    3775 |       0 |    762364
51s | 14207409 |  92.31 |   7.20 |   0.48 |   674225 |      145998 |    36 |  667120 |    4935 |     260 |    698867
52s | 14022391 |  92.44 |   7.29 |   0.28 |   665335 |      154010 |    37 |  667120 |    3053 |       0 |    660844
53s | 14334907 |  93.17 |   6.77 |   0.06 |   678843 |      144848 |    38 |  667120 |     507 |      83 |    647558
54s | 14928720 |  92.81 |   6.88 |   0.31 |   707408 |      141962 |    38 |  667120 |    3031 |       0 |    711174
55s | 14271599 |  92.43 |   7.15 |   0.43 |   676975 |      154020 |    39 |  667120 |    4213 |     197 |    695398
56s | 14396818 |  92.21 |   7.35 |   0.44 |   683410 |      145216 |    40 |  667120 |    4966 |     348 |    701989
57s | 14046850 |  93.13 |   6.86 |   0.01 |   665218 |      152895 |    41 |  667120 |      95 |       0 |    627151
58s | 14274997 |  92.84 |   6.92 |   0.24 |   676277 |      147880 |    41 |  667120 |    2244 |       0 |    670518
59s | 14383026 |  92.54 |   7.07 |   0.39 |   681906 |      157080 |    42 |  667120 |    3860 |     154 |    695611
60s | 14624784 |  92.27 |   7.25 |   0.48 |   694288 |      146672 |    43 |  667120 |    5450 |     250 |    719081
